168997at4890_1042311_0:0011c0	CAZ86302.1	50.980	204	88	5	381	579	202	398	8.32e-65	215
168997at4890_1042311_0:0011c0	CAZ86302.1	44.275	131	67	2	66	193	34	161	4.66e-26	108
168997at4890_1043005_0:00095b	CAZ86302.1	42.222	450	187	8	41	480	13	399	3.43e-100	304
168997at4890_1064592_0:000b68	CAZ86302.1	30.412	388	211	10	23	371	32	399	1.86e-44	156
168997at4890_1069201_0:00162e	CAZ86302.1	40.173	463	198	12	34	493	13	399	1.36e-100	306
168997at4890_1070780_0:001994	CAZ86302.1	42.094	449	190	9	36	477	14	399	3.41e-114	340
168997at4890_1073089_0:002168	CAZ86302.1	41.761	443	193	7	25	462	17	399	6.96e-111	331
168997at4890_1080233_0:000d66	CAZ86302.1	48.030	406	184	11	44	444	16	399	1.73e-110	329
168997at4890_1081103_0:0011e7	CAZ86302.1	50.239	209	96	4	357	562	195	398	1.30e-64	214
168997at4890_1081103_0:0011e7	CAZ86302.1	39.437	142	80	2	49	187	34	172	8.99e-24	101
168997at4890_1093900_0:002a2d	CAZ86302.1	51.534	163	69	4	394	548	206	366	1.15e-47	173
168997at4890_1093900_0:002a2d	CAZ86302.1	44.961	129	63	3	46	170	34	158	3.42e-26	110
168997at4890_1094350_0:000a9e	CAZ86302.1	50.000	206	92	4	436	639	202	398	5.26e-59	201
168997at4890_1094350_0:000a9e	CAZ86302.1	41.667	144	73	4	40	177	34	172	5.25e-22	96.7
168997at4890_1116229_0:000fc3	CAZ86302.1	51.724	203	95	2	431	632	198	398	4.18e-70	231
168997at4890_1116229_0:000fc3	CAZ86302.1	44.776	134	66	3	54	184	34	162	5.49e-30	120
168997at4890_112498_0:0023dc	CAZ86302.1	41.960	398	195	9	35	411	17	399	1.82e-95	290
168997at4890_1131564_0:002e13	CAZ86302.1	43.311	441	185	11	33	466	17	399	2.01e-107	322
168997at4890_1131581_0:0019f9	CAZ86302.1	43.111	450	186	11	27	469	13	399	8.44e-112	333
168997at4890_1131652_0:001cf4	CAZ86302.1	43.056	432	204	8	13	439	5	399	1.15e-109	327
168997at4890_1136231_0:000fbc	CAZ86302.1	33.923	339	175	12	67	374	79	399	3.40e-47	163
168997at4890_1141098_0:0004eb	CAZ86302.1	51.282	195	88	3	388	575	205	399	3.24e-63	211
168997at4890_1141098_0:0004eb	CAZ86302.1	43.284	134	71	2	72	202	34	165	7.58e-26	107
168997at4890_1159556_0:0019f0	CAZ86302.1	50.000	200	89	4	364	558	205	398	1.78e-61	206
168997at4890_1159556_0:0019f0	CAZ86302.1	42.308	130	69	2	49	175	34	160	3.72e-23	99.8
168997at4890_1167516_0:001b7b	CAZ86302.1	43.590	429	190	8	20	438	13	399	4.10e-112	333
168997at4890_1168544_0:0011bd	CAZ86302.1	41.814	452	194	10	37	485	14	399	3.72e-104	315
168997at4890_116970_0:0019cc	CAZ86302.1	41.576	368	150	7	2	364	92	399	2.10e-85	262
168997at4890_1170230_0:0013d1	CAZ86302.1	38.631	453	205	11	25	474	17	399	1.61e-90	279
168997at4890_1174677_0:000ef0	CAZ86302.1	65.580	276	83	5	2	272	131	399	2.42e-124	358
168997at4890_1182541_0:000c0c	CAZ86302.1	50.446	224	101	4	282	505	186	399	7.76e-71	229
168997at4890_1182541_0:000c0c	CAZ86302.1	47.273	165	75	3	17	171	2	164	2.62e-38	142
168997at4890_1182542_0:0005c7	CAZ86302.1	52.764	199	88	2	303	501	207	399	4.82e-69	224
168997at4890_1182542_0:0005c7	CAZ86302.1	47.170	159	76	1	23	173	8	166	4.09e-37	139
168997at4890_1182544_0:00140c	CAZ86302.1	45.455	231	109	3	323	553	186	399	1.02e-66	219
168997at4890_1182544_0:00140c	CAZ86302.1	43.529	170	88	1	15	176	3	172	8.25e-33	127
168997at4890_1182545_0:002f7a	CAZ86302.1	47.727	220	106	3	276	492	186	399	1.78e-68	223
168997at4890_1182545_0:002f7a	CAZ86302.1	46.250	160	78	1	21	172	12	171	1.07e-37	140
168997at4890_119953_0:001af8	CAZ86302.1	39.910	446	197	11	37	471	14	399	9.68e-101	305
168997at4890_1209926_0:000f81	CAZ86302.1	49.754	203	94	5	563	761	200	398	1.67e-58	202
168997at4890_1209926_0:000f81	CAZ86302.1	40.909	132	70	3	49	176	34	161	4.43e-24	103
168997at4890_1209932_0:001b11	CAZ86302.1	49.490	196	93	4	566	757	205	398	6.46e-59	203
168997at4890_1209932_0:001b11	CAZ86302.1	40.909	132	70	3	49	176	34	161	1.90e-24	104
168997at4890_1214568_0:0026b9	CAZ86302.1	51.010	198	90	2	368	562	206	399	4.74e-63	210
168997at4890_1214568_0:0026b9	CAZ86302.1	38.281	128	73	2	81	205	37	161	4.99e-22	96.7
168997at4890_121627_0:001e7c	CAZ86302.1	39.031	392	179	7	1	389	65	399	4.70e-92	280
168997at4890_1220188_0:0018b2	CAZ86302.1	42.763	456	184	13	33	481	14	399	6.49e-106	319
168997at4890_1229662_0:001fc2	CAZ86302.1	51.546	194	83	4	353	537	208	399	3.89e-66	218
168997at4890_1229662_0:001fc2	CAZ86302.1	41.667	132	72	2	57	185	34	163	9.13e-23	98.6
168997at4890_1245769_0:000c10	CAZ86302.1	33.333	384	184	12	23	353	35	399	1.93e-50	171
168997at4890_1263415_0:000fba	CAZ86302.1	39.224	464	208	11	20	483	10	399	4.13e-99	301
168997at4890_126998_0:00027a	CAZ86302.1	39.651	459	201	9	23	476	12	399	1.09e-99	303
168997at4890_1314786_0:001392	CAZ86302.1	44.494	445	185	13	6	447	14	399	6.60e-107	320
168997at4890_132259_0:0023c2	CAZ86302.1	55.102	196	82	2	290	485	210	399	7.86e-75	239
168997at4890_1324776_1:000b02	CAZ86302.1	41.204	432	204	7	22	448	13	399	4.33e-107	321
168997at4890_1343394_0:001ca5	CAZ86302.1	43.218	435	189	10	22	450	17	399	8.20e-112	333
168997at4890_13502_0:000d09	CAZ86302.1	31.510	384	218	11	21	376	32	398	3.51e-52	176
168997at4890_1378263_0:001a88	CAZ86302.1	34.545	330	137	12	55	320	85	399	1.43e-40	144
168997at4890_1380566_0:0022a1	CAZ86302.1	50.239	209	96	4	358	563	195	398	4.36e-63	210
168997at4890_1380566_0:0022a1	CAZ86302.1	41.538	130	70	2	49	175	34	160	1.53e-23	100
168997at4890_138277_1:002055	CAZ86302.1	41.741	448	187	10	39	477	17	399	5.59e-112	334
168997at4890_1392243_0:001f43	CAZ86302.1	41.687	415	206	11	5	412	14	399	1.91e-93	285
168997at4890_1392250_0:000caa	CAZ86302.1	40.708	452	193	8	39	484	17	399	6.81e-111	332
168997at4890_1408657_0:000112	CAZ86302.1	40.933	386	182	11	13	372	33	398	7.60e-85	261
168997at4890_1442370_0:000390	CAZ86302.1	51.196	209	92	3	341	548	200	399	4.14e-67	221
168997at4890_1442370_0:000390	CAZ86302.1	47.742	155	73	2	20	166	8	162	8.36e-36	136
168997at4890_1442371_0:001699	CAZ86302.1	49.774	221	103	2	332	552	187	399	3.76e-70	229
168997at4890_1442371_0:001699	CAZ86302.1	46.296	162	79	2	13	166	1	162	2.23e-35	135
168997at4890_1450172_0:0001cf	CAZ86302.1	43.333	420	196	10	41	450	12	399	1.09e-105	317
168997at4890_1450535_0:000ac0	CAZ86302.1	43.450	458	181	9	34	485	14	399	6.61e-118	350
168997at4890_1460663_0:0021a5	CAZ86302.1	45.305	426	186	10	41	459	14	399	6.03e-109	326
168997at4890_1506151_0:002311	CAZ86302.1	41.667	456	194	9	32	483	12	399	3.64e-114	340
168997at4890_1517512_0:000e7a	CAZ86302.1	42.670	457	187	9	34	485	13	399	1.67e-110	331
168997at4890_152316_0:0018a1	CAZ86302.1	51.282	195	88	3	333	520	205	399	2.87e-65	215
168997at4890_152316_0:0018a1	CAZ86302.1	40.909	132	62	2	57	172	34	165	8.64e-20	89.7
168997at4890_1562058_0:002866	CAZ86302.1	42.105	437	193	8	21	447	13	399	4.48e-111	331
168997at4890_1562060_0:0004c3	CAZ86302.1	42.576	458	193	11	1	447	1	399	3.14e-111	331
168997at4890_1682393_0:002627	CAZ86302.1	42.412	257	94	4	343	599	197	399	5.15e-63	211
168997at4890_1682393_0:002627	CAZ86302.1	43.704	135	70	2	71	202	34	165	1.30e-25	107
168997at4890_168475_0:000503	CAZ86302.1	41.295	448	204	8	15	454	3	399	2.93e-107	322
168997at4890_1775924_0:001105	CAZ86302.1	32.658	395	206	13	16	379	34	399	1.19e-49	170
168997at4890_1810919_0:0005ad	CAZ86302.1	43.908	435	192	11	24	453	12	399	5.86e-114	338
168997at4890_1850975_0:000354	CAZ86302.1	42.198	455	185	10	31	479	17	399	2.73e-108	325
168997at4890_1927788_0:001d78	CAZ86302.1	52.604	192	84	3	373	557	208	399	2.31e-67	221
168997at4890_1927788_0:001d78	CAZ86302.1	44.444	135	69	2	67	198	34	165	9.91e-26	107
168997at4890_2060973_0:0012ad	CAZ86302.1	51.795	195	83	4	386	575	210	398	2.44e-61	206
168997at4890_2060973_0:0012ad	CAZ86302.1	45.455	132	62	3	50	176	34	160	2.02e-25	106
168997at4890_222929_0:00140d	CAZ86302.1	42.888	457	190	12	25	473	6	399	2.28e-108	325
168997at4890_226126_0:000e0e	CAZ86302.1	34.673	398	190	12	20	377	32	399	1.74e-54	182
168997at4890_231269_0:0005f9	CAZ86302.1	51.256	199	86	4	397	590	206	398	2.03e-62	209
168997at4890_231269_0:0005f9	CAZ86302.1	42.857	133	67	3	47	176	34	160	3.73e-23	100
168997at4890_242507_0:0008f7	CAZ86302.1	49.315	219	103	3	295	512	187	398	1.20e-64	213
168997at4890_242507_0:0008f7	CAZ86302.1	48.062	129	60	2	44	169	34	158	2.11e-26	108
168997at4890_245834_0:001198	CAZ86302.1	47.368	209	94	4	292	499	206	399	5.82e-55	187
168997at4890_245834_0:001198	CAZ86302.1	47.297	148	64	5	48	190	34	172	3.52e-28	114
168997at4890_246410_0:001964	CAZ86302.1	41.978	455	197	13	25	473	6	399	8.01e-105	316
168997at4890_253628_0:0008b2	CAZ86302.1	45.388	412	183	12	61	458	16	399	1.30e-100	305
168997at4890_254056_0:000ac7	CAZ86302.1	50.754	199	89	2	350	548	210	399	6.86e-67	220
168997at4890_254056_0:000ac7	CAZ86302.1	46.541	159	77	2	14	164	2	160	6.16e-34	131
168997at4890_2614577_0:001b86	CAZ86302.1	51.813	193	86	3	372	561	210	398	8.32e-60	202
168997at4890_2614577_0:001b86	CAZ86302.1	44.882	127	63	3	53	175	34	157	3.53e-23	100
168997at4890_2656787_0:000f59	CAZ86302.1	47.234	235	105	6	415	648	182	398	7.62e-70	230
168997at4890_2656787_0:000f59	CAZ86302.1	48.462	130	57	3	49	173	34	158	1.79e-31	125
168997at4890_27291_0:000de6	CAZ86302.1	34.171	398	192	10	20	377	32	399	3.49e-54	182
168997at4890_2732470_0:001130	CAZ86302.1	41.309	443	201	10	12	450	12	399	6.43e-100	303
168997at4890_293559_0:002698	CAZ86302.1	39.868	454	196	10	32	479	17	399	2.88e-102	310
168997at4890_294746_0:000a7f	CAZ86302.1	34.021	388	193	11	26	372	34	399	4.18e-53	179
168997at4890_29845_0:0020f8	CAZ86302.1	37.609	460	202	11	32	483	17	399	4.83e-92	283
168997at4890_301207_0:00124b	CAZ86302.1	42.117	444	195	11	39	478	14	399	8.90e-106	318
168997at4890_306901_0:000afc	CAZ86302.1	48.731	197	95	2	517	710	205	398	4.58e-61	208
168997at4890_306901_0:000afc	CAZ86302.1	43.919	148	68	5	58	202	34	169	8.01e-24	102
168997at4890_322104_0:0002cc	CAZ86302.1	34.439	392	193	13	30	383	34	399	4.10e-56	187
168997at4890_326644_0:000dde	CAZ86302.1	47.032	219	101	4	337	548	189	399	6.72e-64	212
168997at4890_326644_0:000dde	CAZ86302.1	45.185	135	68	2	58	189	34	165	2.13e-27	112
168997at4890_326681_0:000d03	CAZ86302.1	50.000	198	88	4	359	547	204	399	1.15e-65	217
168997at4890_326681_0:000d03	CAZ86302.1	45.185	135	68	2	58	189	34	165	1.19e-28	115
168997at4890_330879_0:001712	CAZ86302.1	42.920	452	184	9	38	484	17	399	1.51e-112	336
168997at4890_331117_0:002346	CAZ86302.1	42.982	456	186	9	34	484	13	399	4.86e-112	335
168997at4890_344612_0:0020e8	CAZ86302.1	41.921	458	188	11	36	487	14	399	1.88e-105	318
168997at4890_348802_1:000d49	CAZ86302.1	52.968	219	95	3	286	502	187	399	8.17e-74	237
168997at4890_36656_0:000046	CAZ86302.1	38.217	471	215	14	14	481	2	399	9.45e-91	280
168997at4890_367110_0:001d0e	CAZ86302.1	47.423	194	95	4	444	633	208	398	7.98e-56	192
168997at4890_367110_0:001d0e	CAZ86302.1	44.578	166	86	2	26	188	2	164	8.43e-31	122
168997at4890_383855_0:001c84	CAZ86302.1	41.565	409	169	9	21	380	12	399	3.45e-91	278
168997at4890_39416_0:001b47	CAZ86302.1	100.000	399	0	0	1	399	1	399	0.0	810
168997at4890_40994_0:001512	CAZ86302.1	37.174	460	202	11	32	481	17	399	1.99e-87	271
168997at4890_413071_0:00132e	CAZ86302.1	49.770	217	97	5	387	598	189	398	1.30e-65	218
168997at4890_413071_0:00132e	CAZ86302.1	43.511	131	68	2	60	187	34	161	2.49e-25	106
168997at4890_418784_0:00080a	CAZ86302.1	36.615	325	146	11	153	431	89	399	2.34e-44	157
168997at4890_431241_0:000dc9	CAZ86302.1	53.365	208	85	5	339	541	198	398	1.21e-67	222
168997at4890_431241_0:000dc9	CAZ86302.1	44.275	131	67	2	60	187	34	161	2.91e-26	108
168997at4890_441959_0:002aaf	CAZ86302.1	42.342	444	194	8	23	462	14	399	2.88e-105	317
168997at4890_45513_0:000185	CAZ86302.1	33.416	401	199	13	29	396	34	399	1.68e-50	172
168997at4890_470096_0:0022ac	CAZ86302.1	42.579	411	187	9	45	451	34	399	1.55e-102	309
168997at4890_4950_0:000f02	CAZ86302.1	32.461	382	197	10	22	359	35	399	3.14e-51	173
168997at4890_497109_0:0008a3	CAZ86302.1	32.199	382	210	11	28	381	39	399	6.01e-51	173
168997at4890_500485_0:002757	CAZ86302.1	37.365	463	197	11	25	474	17	399	7.90e-93	285
168997at4890_5074_0:000ae0	CAZ86302.1	40.363	441	199	8	31	465	17	399	2.29e-105	317
168997at4890_510951_0:00040c	CAZ86302.1	44.395	223	107	5	416	634	189	398	1.95e-56	194
168997at4890_510951_0:00040c	CAZ86302.1	44.848	165	85	2	27	188	3	164	2.66e-31	124
168997at4890_51156_0:0000ff	CAZ86302.1	48.837	215	104	3	410	623	190	399	2.90e-67	223
168997at4890_51156_0:0000ff	CAZ86302.1	49.612	129	59	2	48	173	34	159	7.44e-33	129
168997at4890_515849_0:000e5c	CAZ86302.1	46.698	212	102	4	196	401	192	398	3.86e-61	201
168997at4890_515849_0:000e80	CAZ86302.1	48.120	133	62	4	51	180	34	162	3.89e-28	106
168997at4890_526221_0:0009fd	CAZ86302.1	52.551	196	87	3	364	555	205	398	5.93e-63	210
168997at4890_526221_0:0009fd	CAZ86302.1	38.168	131	75	2	52	179	34	161	1.02e-20	92.4
168997at4890_54092_0:001862	CAZ86302.1	37.995	379	183	8	18	355	32	399	1.42e-73	231
168997at4890_5454_0:002372	CAZ86302.1	41.256	446	198	9	34	475	14	399	1.92e-100	305
168997at4890_5499_0:002209	CAZ86302.1	47.794	408	187	9	54	457	14	399	4.79e-112	334
168997at4890_569365_0:00149e	CAZ86302.1	48.246	228	103	4	323	549	186	399	4.46e-67	221
168997at4890_569365_0:00149e	CAZ86302.1	45.294	170	85	2	14	175	2	171	2.32e-36	137
168997at4890_578455_0:000097	CAZ86302.1	47.317	205	100	4	476	677	199	398	9.75e-59	201
168997at4890_578455_0:000097	CAZ86302.1	42.484	153	71	4	55	204	34	172	2.94e-25	106
168997at4890_58627_0:001740	CAZ86302.1	33.161	386	192	11	29	369	35	399	3.88e-58	192
168997at4890_58853_0:000678	CAZ86302.1	52.404	208	87	5	340	542	198	398	3.79e-67	221
168997at4890_58853_0:000678	CAZ86302.1	45.038	131	66	2	60	187	34	161	9.86e-27	110
168997at4890_590646_0:000354	CAZ86302.1	31.796	412	236	10	2	391	11	399	1.15e-53	181
168997at4890_619300_0:000417	CAZ86302.1	35.142	387	198	11	30	385	35	399	9.06e-62	202
168997at4890_63214_0:001a34	CAZ86302.1	52.752	218	86	7	333	538	187	399	5.28e-70	228
168997at4890_63214_0:001a34	CAZ86302.1	42.446	139	70	3	53	186	32	165	4.19e-26	108
168997at4890_63820_0:000ddb	CAZ86302.1	35.714	462	203	13	1	436	1	394	8.15e-74	241
168997at4890_645133_0:00248d	CAZ86302.1	49.495	198	94	3	591	784	203	398	5.21e-59	204
168997at4890_645133_0:00248d	CAZ86302.1	44.444	126	61	4	51	171	34	155	5.05e-25	106
168997at4890_655863_0:00138c	CAZ86302.1	48.744	199	85	6	426	611	197	391	1.18e-55	196
168997at4890_655863_0:00138c	CAZ86302.1	43.411	129	58	4	38	155	34	158	4.79e-22	97.8
168997at4890_655981_0:0005c0	CAZ86302.1	58.031	193	76	3	457	647	210	399	2.97e-72	237
168997at4890_655981_0:0005c0	CAZ86302.1	45.802	131	65	2	93	220	34	161	1.11e-30	122
168997at4890_69789_0:000b3a	CAZ86302.1	39.177	462	212	9	14	470	2	399	7.50e-102	308
168997at4890_70096_0:0027df	CAZ86302.1	43.182	440	191	8	18	451	13	399	2.57e-112	334
168997at4890_717646_0:001c9d	CAZ86302.1	40.396	505	182	13	70	573	12	398	5.34e-98	302
168997at4890_75553_0:0009fe	CAZ86302.1	42.358	458	186	9	34	484	13	399	3.12e-112	335
168997at4890_759272_0:001996	CAZ86302.1	49.519	208	95	5	434	637	197	398	3.30e-60	204
168997at4890_759272_0:001996	CAZ86302.1	40.642	187	87	4	62	228	34	216	4.72e-30	120
168997at4890_763406_0:001288	CAZ86302.1	32.047	337	169	13	5	308	89	398	2.69e-32	121
168997at4890_771870_0:000cc3	CAZ86302.1	42.793	222	110	5	391	608	190	398	1.06e-54	189
168997at4890_771870_0:000cc3	CAZ86302.1	44.578	166	86	2	26	188	2	164	2.12e-30	121
168997at4890_83186_0:003b77	CAZ86302.1	51.515	198	89	2	368	562	206	399	5.55e-63	210
168997at4890_83186_0:003b77	CAZ86302.1	40.351	171	88	6	39	205	1	161	1.53e-22	98.2
168997at4890_856822_0:0004bf	CAZ86302.1	52.261	199	86	3	350	548	210	399	2.72e-67	221
168997at4890_856822_0:0004bf	CAZ86302.1	45.833	168	73	3	5	164	3	160	7.64e-34	130
168997at4890_869754_0:0004f3	CAZ86302.1	32.383	386	211	13	29	385	35	399	2.74e-49	169
168997at4890_871575_0:0006c6	CAZ86302.1	33.133	166	71	4	16	148	241	399	2.59e-22	89.4
168997at4890_87229_0:001f79	CAZ86302.1	55.556	198	83	3	490	686	206	399	7.27e-70	231
168997at4890_87229_0:001f79	CAZ86302.1	48.485	132	58	3	50	176	34	160	6.30e-32	126
168997at4890_91928_0:0021ac	CAZ86302.1	37.030	505	203	8	9	505	2	399	3.61e-99	303
168997at4890_930089_0:0017d6	CAZ86302.1	39.954	438	206	8	38	470	14	399	3.67e-101	306
168997at4890_931890_0:0008f1	CAZ86302.1	34.635	384	191	14	22	364	35	399	9.63e-52	175
168997at4890_94218_0:000b5a	CAZ86302.1	43.946	446	182	11	25	460	12	399	2.02e-109	327
168997at4890_983966_0:000e5c	CAZ86302.1	37.867	375	181	12	22	354	35	399	1.18e-66	213
168997at4890_984485_0:000d86	CAZ86302.1	31.536	371	198	12	25	345	35	399	2.39e-51	173
168997at4890_984486_0:00114f	CAZ86302.1	31.785	409	201	17	37	410	34	399	3.39e-43	154
